0
0
0
0
0
0
0
0
0
0
0
0
0
0
0
0
0
0
0
0
0
0
0
0
0
0
0
0
0
0
0
0
0
0
0
0
0
0
0
0
0
0
0
0
0
0
0
0
0
0
0
0
0
0
0
0
0
0
0
0
0
0
0
0
0
0
0
0
0
0
0
0
0
0
0
0
0
0
0
0
0
0
0
0
0
0
0
0
0
0
0
97
16
197
644
372
99
42
7
10
0
5
38
69
89
58
14
13
20
32
110
68
75
93
96
44
7
0
0
22
41
14
0
0
0
0
0
0
0
0
0
0
0
0
0
20
48
58
35
40
43
68
95
127
157
89
18
23
0
0
0
4
21
51
75
74
133
136
107
57
80
90
140
148
89
86
9
0
37
105
133
163
123
89
183
300
120
0
0
0
0
0
0
0
0
0
0
0
0
0
0
0
0
0
0
0
0
0
0
0
0
0
0
0
0
0
0
0
0
0
0
0
0
0
0
0
0
0
0
0
0
0
0
0
0
0
0
0
0
0
0
0
0
0
0
0
0
0
0
0
0
0
0
0
0
0
0
0
0
0
0
0
0
0
0
0
0
0
0
0
0
0
0
0
0
0
0
0
0
0
0
118
74
293
674
410
97
27
11
9
0
6
30
91
90
65
14
12
33
38
105
59
50
58
34
0
1
0
5
21
43
4
0
0
0
0
0
0
0
0
0
0
0
23
69
32
40
59
37
42
69
107
130
136
47
29
7
2
0
0
9
36
39
82
64
123
141
110
81
53
93
89
136
154
91
23
5
2
81
114
152
158
100
89
200
286
62
0
0
0
